2014/04/02	08:46:00	8850	8851	8841	8847	1723
2014/04/02	08:47:00	8846	8851	8845	8850	749
2014/04/02	08:48:00	8850	8857	8850	8853	949
2014/04/02	08:49:00	8852	8856	8852	8856	430
2014/04/02	08:50:00	8855	8858	8854	8857	545
2014/04/02	08:51:00	8857	8858	8854	8856	566
2014/04/02	08:52:00	8856	8859	8855	8858	297
2014/04/02	08:53:00	8857	8860	8856	8858	381
2014/04/02	08:54:00	8857	8858	8856	8857	168
2014/04/02	08:55:00	8858	8862	8857	8860	796
2014/04/02	08:56:00	8859	8862	8859	8860	413
2014/04/02	08:57:00	8859	8860	8857	8858	335
2014/04/02	08:58:00	8859	8859	8858	8858	176
2014/04/02	08:59:00	8859	8863	8858	8862	381
2014/04/02	09:00:00	8862	8863	8859	8861	307
2014/04/02	09:01:00	8861	8867	8859	8865	1118
2014/04/02	09:02:00	8865	8867	8861	8864	738
2014/04/02	09:03:00	8864	8867	8863	8864	422
2014/04/02	09:04:00	8865	8866	8859	8860	582
2014/04/02	09:05:00	8859	8860	8858	8860	414
2014/04/02	09:06:00	8860	8865	8858	8863	541
2014/04/02	09:07:00	8863	8864	8859	8860	297
2014/04/02	09:08:00	8860	8866	8860	8862	443
2014/04/02	09:09:00	8861	8868	8861	8863	651
2014/04/02	09:10:00	8864	8870	8863	8867	734
2014/04/02	09:11:00	8867	8869	8862	8866	650
2014/04/02	09:12:00	8867	8869	8864	8865	360
2014/04/02	09:13:00	8865	8868	8864	8867	351
2014/04/02	09:14:00	8867	8874	8865	8873	1124
2014/04/02	09:15:00	8873	8877	8873	8877	961
2014/04/02	09:16:00	8876	8879	8876	8876	867
2014/04/02	09:17:00	8877	8878	8875	8877	386
2014/04/02	09:18:00	8877	8880	8877	8880	580
2014/04/02	09:19:00	8880	8884	8880	8883	992
2014/04/02	09:20:00	8883	8888	8882	8887	968
2014/04/02	09:21:00	8887	8888	8883	8883	791
2014/04/02	09:22:00	8884	8888	8883	8885	743
2014/04/02	09:23:00	8885	8886	8881	8883	578
2014/04/02	09:24:00	8883	8884	8882	8883	254
2014/04/02	09:25:00	8883	8885	8882	8884	264
2014/04/02	09:26:00	8884	8885	8880	8881	549
2014/04/02	09:27:00	8881	8882	8878	8878	374
2014/04/02	09:28:00	8878	8881	8878	8879	365
2014/04/02	09:29:00	8880	8880	8874	8875	632
2014/04/02	09:30:00	8875	8876	8872	8873	693
2014/04/02	09:31:00	8873	8876	8871	8873	504
2014/04/02	09:32:00	8873	8875	8873	8874	215
2014/04/02	09:33:00	8874	8877	8874	8877	187
2014/04/02	09:34:00	8877	8880	8877	8879	375
2014/04/02	09:35:00	8878	8879	8874	8875	408
2014/04/02	09:36:00	8875	8877	8874	8874	257
2014/04/02	09:37:00	8874	8878	8874	8877	177
2014/04/02	09:38:00	8877	8878	8874	8875	173
2014/04/02	09:39:00	8875	8876	8871	8872	386
2014/04/02	09:40:00	8872	8873	8868	8870	815
2014/04/02	09:41:00	8869	8873	8867	8868	434
2014/04/02	09:42:00	8868	8870	8867	8867	372
2014/04/02	09:43:00	8868	8868	8865	8866	531
2014/04/02	09:44:00	8866	8869	8865	8868	405
2014/04/02	09:45:00	8868	8868	8863	8864	742
2014/04/02	09:46:00	8864	8866	8858	8860	1299
2014/04/02	09:47:00	8860	8861	8856	8858	983
2014/04/02	09:48:00	8858	8861	8857	8857	704
2014/04/02	09:49:00	8857	8860	8857	8858	418
2014/04/02	09:50:00	8860	8864	8858	8864	523
2014/04/02	09:51:00	8864	8865	8862	8863	542
2014/04/02	09:52:00	8863	8865	8863	8863	228
2014/04/02	09:53:00	8863	8867	8863	8867	400
2014/04/02	09:54:00	8867	8867	8864	8864	591
2014/04/02	09:55:00	8865	8867	8864	8867	132
2014/04/02	09:56:00	8866	8867	8863	8865	272
2014/04/02	09:57:00	8864	8864	8861	8861	345
2014/04/02	09:58:00	8861	8862	8859	8860	340
2014/04/02	09:59:00	8860	8863	8859	8863	266
2014/04/02	10:00:00	8863	8864	8862	8863	129
2014/04/02	10:01:00	8863	8863	8857	8860	576
2014/04/02	10:02:00	8859	8863	8859	8862	228
2014/04/02	10:03:00	8862	8864	8862	8863	150
2014/04/02	10:04:00	8864	8865	8861	8864	141
2014/04/02	10:05:00	8864	8865	8863	8863	90
2014/04/02	10:06:00	8863	8863	8861	8863	160
2014/04/02	10:07:00	8863	8863	8861	8863	99
2014/04/02	10:08:00	8863	8864	8862	8863	50
2014/04/02	10:09:00	8863	8865	8863	8864	162
2014/04/02	10:10:00	8864	8865	8863	8864	76
2014/04/02	10:11:00	8864	8867	8864	8866	207
2014/04/02	10:12:00	8866	8868	8866	8866	176
2014/04/02	10:13:00	8867	8867	8865	8866	136
2014/04/02	10:14:00	8866	8867	8865	8867	72
2014/04/02	10:15:00	8866	8868	8864	8864	287
2014/04/02	10:16:00	8864	8865	8863	8865	149
2014/04/02	10:17:00	8864	8865	8863	8864	58
2014/04/02	10:18:00	8864	8865	8863	8864	60
2014/04/02	10:19:00	8863	8865	8863	8864	48
2014/04/02	10:20:00	8863	8864	8863	8863	50
2014/04/02	10:21:00	8863	8866	8862	8866	183
2014/04/02	10:22:00	8866	8867	8865	8866	55
2014/04/02	10:23:00	8866	8866	8865	8866	24
2014/04/02	10:24:00	8865	8866	8865	8865	22
2014/04/02	10:25:00	8865	8865	8864	8865	72
2014/04/02	10:26:00	8865	8866	8864	8865	76
2014/04/02	10:27:00	8865	8866	8864	8865	46
2014/04/02	10:28:00	8865	8865	8863	8863	76
2014/04/02	10:29:00	8863	8864	8863	8864	70
2014/04/02	10:30:00	8863	8863	8861	8862	180
2014/04/02	10:31:00	8862	8864	8862	8864	119
2014/04/02	10:32:00	8864	8864	8862	8863	98
2014/04/02	10:33:00	8862	8863	8862	8863	126
2014/04/02	10:34:00	8863	8864	8862	8864	68
2014/04/02	10:35:00	8864	8864	8863	8864	40
2014/04/02	10:36:00	8864	8865	8863	8864	66
2014/04/02	10:37:00	8864	8867	8864	8866	285
2014/04/02	10:38:00	8866	8867	8865	8865	58
2014/04/02	10:39:00	8865	8866	8865	8866	101
2014/04/02	10:40:00	8866	8867	8865	8866	113
2014/04/02	10:41:00	8865	8867	8865	8867	87
2014/04/02	10:42:00	8866	8867	8865	8866	98
2014/04/02	10:43:00	8866	8867	8865	8867	108
2014/04/02	10:44:00	8866	8866	8864	8866	103
2014/04/02	10:45:00	8866	8866	8865	8865	44
2014/04/02	10:46:00	8865	8867	8864	8867	121
2014/04/02	10:47:00	8867	8867	8867	8867	23
2014/04/02	10:48:00	8867	8867	8866	8866	62
2014/04/02	10:49:00	8865	8866	8865	8865	106
2014/04/02	10:50:00	8865	8866	8865	8865	22
2014/04/02	10:51:00	8866	8872	8866	8871	770
2014/04/02	10:52:00	8871	8873	8870	8871	337
2014/04/02	10:53:00	8870	8872	8870	8872	259
2014/04/02	10:54:00	8872	8873	8871	8872	152
2014/04/02	10:55:00	8872	8873	8871	8873	106
2014/04/02	10:56:00	8873	8874	8871	8871	306
2014/04/02	10:57:00	8872	8872	8870	8871	182
2014/04/02	10:58:00	8871	8872	8871	8872	140
2014/04/02	10:59:00	8872	8873	8871	8872	83
2014/04/02	11:00:00	8872	8872	8871	8872	33
2014/04/02	11:01:00	8871	8872	8869	8870	183
2014/04/02	11:02:00	8870	8871	8868	8869	144
2014/04/02	11:03:00	8869	8870	8869	8869	93
2014/04/02	11:04:00	8869	8870	8868	8870	118
2014/04/02	11:05:00	8870	8871	8869	8870	65
2014/04/02	11:06:00	8870	8870	8865	8866	649
2014/04/02	11:07:00	8867	8867	8865	8867	129
2014/04/02	11:08:00	8866	8867	8865	8867	143
2014/04/02	11:09:00	8866	8867	8864	8866	264
2014/04/02	11:10:00	8866	8866	8863	8865	157
2014/04/02	11:11:00	8864	8867	8864	8866	160
2014/04/02	11:12:00	8866	8867	8866	8866	29
2014/04/02	11:13:00	8867	8868	8866	8867	55
2014/04/02	11:14:00	8868	8868	8866	8866	53
2014/04/02	11:15:00	8866	8866	8866	8866	24
2014/04/02	11:16:00	8866	8866	8864	8866	265
2014/04/02	11:17:00	8867	8867	8865	8866	105
2014/04/02	11:18:00	8866	8869	8866	8869	211
2014/04/02	11:19:00	8869	8872	8868	8871	281
2014/04/02	11:20:00	8871	8874	8871	8871	432
2014/04/02	11:21:00	8871	8872	8870	8871	91
2014/04/02	11:22:00	8871	8871	8870	8870	24
2014/04/02	11:23:00	8870	8871	8869	8870	99
2014/04/02	11:24:00	8870	8872	8870	8872	112
2014/04/02	11:25:00	8871	8872	8870	8871	137
2014/04/02	11:26:00	8871	8872	8870	8870	74
2014/04/02	11:27:00	8871	8871	8870	8870	20
2014/04/02	11:28:00	8871	8872	8870	8871	60
2014/04/02	11:29:00	8871	8872	8870	8871	50
2014/04/02	11:30:00	8871	8871	8870	8871	57
2014/04/02	11:31:00	8871	8871	8868	8870	225
2014/04/02	11:32:00	8869	8870	8867	8868	108
2014/04/02	11:33:00	8868	8869	8866	8869	180
2014/04/02	11:34:00	8869	8870	8868	8868	22
2014/04/02	11:35:00	8869	8869	8868	8868	46
2014/04/02	11:36:00	8869	8869	8866	8866	137
2014/04/02	11:37:00	8866	8867	8865	8866	238
2014/04/02	11:38:00	8866	8868	8866	8866	97
2014/04/02	11:39:00	8866	8868	8865	8865	215
2014/04/02	11:40:00	8866	8866	8863	8865	307
2014/04/02	11:41:00	8865	8867	8865	8866	94
2014/04/02	11:42:00	8867	8867	8865	8865	84
2014/04/02	11:43:00	8866	8866	8864	8864	204
2014/04/02	11:44:00	8864	8865	8863	8864	121
2014/04/02	11:45:00	8865	8866	8864	8866	144
2014/04/02	11:46:00	8865	8865	8864	8865	38
2014/04/02	11:47:00	8865	8865	8863	8864	107
2014/04/02	11:48:00	8864	8866	8864	8866	94
2014/04/02	11:49:00	8866	8867	8865	8865	48
2014/04/02	11:50:00	8865	8866	8865	8865	69
2014/04/02	11:51:00	8865	8865	8863	8864	164
2014/04/02	11:52:00	8864	8865	8863	8864	79
2014/04/02	11:53:00	8864	8866	8864	8866	37
2014/04/02	11:54:00	8865	8866	8865	8865	45
2014/04/02	11:55:00	8864	8865	8864	8865	13
2014/04/02	11:56:00	8865	8865	8864	8865	20
2014/04/02	11:57:00	8864	8865	8864	8864	24
2014/04/02	11:58:00	8864	8865	8864	8865	54
2014/04/02	11:59:00	8865	8865	8864	8865	51
2014/04/02	12:00:00	8865	8865	8862	8863	353
2014/04/02	12:01:00	8863	8864	8862	8864	185
2014/04/02	12:02:00	8864	8864	8861	8862	320
2014/04/02	12:03:00	8863	8863	8862	8862	27
2014/04/02	12:04:00	8862	8863	8862	8863	88
2014/04/02	12:05:00	8864	8865	8863	8865	78
2014/04/02	12:06:00	8864	8865	8864	8865	29
2014/04/02	12:07:00	8865	8865	8864	8864	54
2014/04/02	12:08:00	8864	8865	8864	8865	32
2014/04/02	12:09:00	8865	8865	8865	8865	88
2014/04/02	12:10:00	8865	8866	8865	8866	33
2014/04/02	12:11:00	8866	8869	8865	8867	333
2014/04/02	12:12:00	8867	8868	8867	8867	53
2014/04/02	12:13:00	8867	8868	8866	8867	58
2014/04/02	12:14:00	8866	8866	8866	8866	8
2014/04/02	12:15:00	8866	8867	8866	8866	45
2014/04/02	12:16:00	8865	8867	8865	8867	37
2014/04/02	12:17:00	8866	8866	8865	8865	29
2014/04/02	12:18:00	8865	8866	8865	8866	62
2014/04/02	12:19:00	8866	8866	8864	8865	53
2014/04/02	12:20:00	8865	8866	8864	8864	62
2014/04/02	12:21:00	8864	8865	8864	8864	72
2014/04/02	12:22:00	8864	8865	8863	8864	39
2014/04/02	12:23:00	8864	8865	8863	8864	53
2014/04/02	12:24:00	8863	8864	8863	8864	25
2014/04/02	12:25:00	8864	8865	8864	8865	33
2014/04/02	12:26:00	8864	8866	8863	8866	95
2014/04/02	12:27:00	8866	8866	8865	8865	51
2014/04/02	12:28:00	8866	8866	8864	8865	94
2014/04/02	12:29:00	8865	8865	8863	8863	126
2014/04/02	12:30:00	8863	8864	8862	8863	162
2014/04/02	12:31:00	8863	8863	8862	8862	79
2014/04/02	12:32:00	8862	8863	8860	8860	308
2014/04/02	12:33:00	8861	8861	8858	8860	681
2014/04/02	12:34:00	8860	8862	8859	8862	181
2014/04/02	12:35:00	8862	8865	8862	8863	164
2014/04/02	12:36:00	8863	8864	8863	8864	75
2014/04/02	12:37:00	8864	8865	8863	8864	50
2014/04/02	12:38:00	8865	8866	8864	8866	128
2014/04/02	12:39:00	8865	8865	8863	8864	128
2014/04/02	12:40:00	8864	8865	8864	8865	64
2014/04/02	12:41:00	8864	8866	8864	8866	75
2014/04/02	12:42:00	8866	8867	8865	8866	165
2014/04/02	12:43:00	8866	8867	8865	8867	56
2014/04/02	12:44:00	8866	8868	8865	8867	197
2014/04/02	12:45:00	8868	8869	8867	8868	292
2014/04/02	12:46:00	8869	8870	8868	8870	187
2014/04/02	12:47:00	8869	8871	8869	8870	208
2014/04/02	12:48:00	8870	8870	8869	8870	104
2014/04/02	12:49:00	8870	8870	8869	8869	73
2014/04/02	12:50:00	8869	8870	8869	8870	39
2014/04/02	12:51:00	8870	8870	8866	8868	302
2014/04/02	12:52:00	8868	8870	8868	8869	55
2014/04/02	12:53:00	8869	8870	8868	8869	45
2014/04/02	12:54:00	8869	8869	8868	8868	42
2014/04/02	12:55:00	8868	8868	8867	8867	46
2014/04/02	12:56:00	8867	8869	8867	8869	57
2014/04/02	12:57:00	8868	8869	8868	8868	30
2014/04/02	12:58:00	8869	8869	8868	8868	8
2014/04/02	12:59:00	8869	8869	8867	8869	59
2014/04/02	13:00:00	8869	8870	8869	8870	169
2014/04/02	13:01:00	8870	8871	8870	8870	170
2014/04/02	13:02:00	8870	8870	8869	8870	72
2014/04/02	13:03:00	8869	8871	8869	8870	60
2014/04/02	13:04:00	8870	8870	8869	8870	30
2014/04/02	13:05:00	8870	8873	8869	8873	471
2014/04/02	13:06:00	8873	8874	8871	8872	390
2014/04/02	13:07:00	8872	8873	8871	8872	113
2014/04/02	13:08:00	8872	8872	8869	8869	300
2014/04/02	13:09:00	8869	8870	8868	8869	151
2014/04/02	13:10:00	8870	8870	8868	8869	127
2014/04/02	13:11:00	8869	8869	8867	8867	272
2014/04/02	13:12:00	8867	8868	8867	8867	129
2014/04/02	13:13:00	8867	8868	8867	8868	39
2014/04/02	13:14:00	8868	8868	8867	8867	132
2014/04/02	13:15:00	8867	8868	8865	8866	221
2014/04/02	13:16:00	8866	8867	8865	8866	133
2014/04/02	13:17:00	8867	8868	8867	8868	68
2014/04/02	13:18:00	8868	8869	8867	8868	147
2014/04/02	13:19:00	8867	8868	8867	8868	77
2014/04/02	13:20:00	8868	8868	8866	8866	84
2014/04/02	13:21:00	8866	8868	8866	8867	154
2014/04/02	13:22:00	8868	8868	8867	8868	67
2014/04/02	13:23:00	8868	8868	8867	8868	47
2014/04/02	13:24:00	8867	8868	8867	8868	56
2014/04/02	13:25:00	8868	8870	8868	8869	239
2014/04/02	13:26:00	8869	8871	8868	8869	333
2014/04/02	13:27:00	8869	8871	8869	8870	194
2014/04/02	13:28:00	8869	8870	8868	8870	183
2014/04/02	13:29:00	8870	8870	8868	8868	211
2014/04/02	13:30:00	8869	8870	8866	8868	368
2014/04/02	13:31:00	8867	8869	8866	8868	360
2014/04/02	13:32:00	8868	8868	8865	8866	393
2014/04/02	13:33:00	8865	8868	8865	8866	224
2014/04/02	13:34:00	8866	8867	8864	8864	276
2014/04/02	13:35:00	8864	8865	8862	8863	283
2014/04/02	13:36:00	8862	8863	8861	8862	549
2014/04/02	13:37:00	8862	8863	8858	8858	638
2014/04/02	13:38:00	8858	8859	8856	8857	549
2014/04/02	13:39:00	8857	8857	8854	8857	467
2014/04/02	13:40:00	8857	8858	8856	8857	343
2014/04/02	13:41:00	8858	8858	8856	8857	270
2014/04/02	13:42:00	8857	8857	8855	8857	331
2014/04/02	13:43:00	8856	8858	8855	8856	397
2014/04/02	13:44:00	8857	8858	8855	8856	379
2014/04/02	13:45:00	8856	8857	8854	8855	1026
